new code (12/12/2014), 1000 games:

     p0\p1               lifebound                            power                             mechana
lifebound |    (0.480,0.030,0.596,0.418,0.506)    (0.310,0.040,0.537,0.419,0.458)    (0.640,0.020,0.630,0.407,0.552)
    power |    (0.610,0.040,0.575,0.457,0.530)    (0.500,0.090,0.521,0.482,0.503)    (0.780,0.000,0.618,0.449,0.581)
  mechana |    (0.340,0.030,0.580,0.365,0.442)    (0.170,0.010,0.535,0.383,0.410)    (0.520,0.020,0.668,0.369,0.527)

new code (12/12/2014), 10000 games:
     p0\p1               lifebound                            power                             mechana
lifebound |    (0.544,0.021,0.590,0.420,0.514)    (0.272,0.025,0.538,0.418,0.453)    (0.654,0.014,0.622,0.424,0.554)
    power |    (0.697,0.026,0.582,0.461,0.546)    (0.527,0.100,0.522,0.481,0.504)    (0.804,0.020,0.617,0.461,0.587)
  mechana |    (0.328,0.013,0.575,0.377,0.443)    (0.169,0.019,0.537,0.383,0.411)    (0.545,0.015,0.676,0.351,0.530)

real  183m35.011s
user  177m47.237s
sys 4m53.648s

new code (12/12/2014), 30000 games
     p0\p1               lifebound                            power                             mechana
lifebound |    (0.536,0.021,0.589,0.420,0.512)    (0.273,0.030,0.538,0.419,0.454)    (0.662,0.013,0.623,0.425,0.557)
    power |    (0.695,0.029,0.582,0.462,0.546)    (0.523,0.101,0.522,0.481,0.504)    (0.806,0.020,0.617,0.463,0.588)
  mechana |    (0.327,0.013,0.574,0.377,0.443)    (0.167,0.019,0.537,0.383,0.411)    (0.550,0.016,0.673,0.351,0.531)

real  705m19.894s
user  682m5.902s
sys 19m10.453s

flawed Mechana, 30000 games:

     p0\p1               lifebound                            power                             mechana
lifebound |    (0.541,0.021,0.591,0.419,0.514)    (0.276,0.027,0.538,0.418,0.454)    (0.700,0.013,0.626,0.430,0.568)
    power |    (0.695,0.028,0.581,0.461,0.546)    (0.528,0.099,0.522,0.481,0.504)    (0.832,0.019,0.617,0.466,0.592)
  mechana |    (0.284,0.013,0.569,0.375,0.432)    (0.145,0.018,0.534,0.382,0.406)    (0.549,0.015,0.674,0.349,0.530)

real  619m56.679s
user  598m12.382s
sys 18m15.124s
